# Title: The Fundamental Plane of Damped Ly-{alpha} Systems
# Authors: Neeleman M., Wolfe A.M., Prochaska J.X., Rafelski M.
# Table: HIRES DLA Sample: modified for python
# ================================================================================
# Byte-by-byte Description of file: apj469315t2_mrt.txt
# --------------------------------------------------------------------------------
# Bytes    Format Units       Label  Explanations
# --------------------------------------------------------------------------------
#   13- 18 F6.4   ---         zabs   Absorption redshift of DLA
#   20- 24 F5.2   [cm-2]      NHI    Log of the hydrogen column density
#   26- 29 F4.2   [cm-2]    e_NHI    Error in NHI
#   31- 35 F5.2   [-]         [M/H]  Log of "M" to hydrogen number abundance
#   37- 40 F4.2   [-]       e_[M/H]  Error in [M/H]
#   67- 69 I3     km/s        DelV   Velocity width (assumed error 10km/s)
# --------------------------------------------------------------------------------
1.6613 20.80 0.10 -0.99 0.10   50 
1.7763 21.14 0.08 -1.34 0.08   72 
1.8640 21.00 0.10 -1.46 0.10   30 
1.8643 20.85 0.08 -0.71 0.09  172 
1.8917 20.60 0.10 -0.79 0.10   38 
1.9200 20.65 0.07 -0.38 0.07  128 
1.9440 21.80 0.10 -1.35 0.10   84 
1.9622 20.50 0.08 -0.27 0.14  239 
1.9991 20.95 0.06 -1.43 0.07   36 
2.0395 21.65 0.09 -1.14 0.09   84 
2.0545 20.35 0.15 -0.55 0.15  138 
2.0661 20.56 0.10 -0.61 0.20  122 
2.0666 20.53 0.08 -1.39 0.08  123 
2.0668 21.50 0.20 -1.83 0.20   18 
2.0762 20.43 0.06 -2.25 0.07   18 
2.0950 20.70 0.10 -0.72 0.10  144 
2.1407 20.50 0.10 -1.43 0.11   34 
2.1410 20.95 0.05 -1.27 0.06   70 
2.1539 20.30 0.10 -1.53 0.10   76 
2.2794 20.56 0.07 -2.01 0.15   24 
2.2805 21.20 0.15 -1.81 0.15   52 
2.2930 20.50 0.10 -0.61 0.10   96 
2.3090 21.37 0.08 -1.41 0.08   54 
2.3427 21.05 0.10 -1.42 0.10   29 
2.3745 20.95 0.08 -1.33 0.09   44 
2.4263 20.50 0.10 -0.64 0.10  242 
2.4313 20.34 0.10 -0.47 0.10  292 
2.4435 20.95 0.10 -1.49 0.10   27 
2.4628 20.38 0.04 -0.24 0.04  200 
2.4652 20.58 0.10 -1.09 0.11   86 
2.4660 21.50 0.10 -1.54 0.10   90 
2.5379 20.36 0.10 -1.69 0.10   66 
2.5841 21.40 0.10 -1.00 0.10  190 
2.6077 20.35 0.20 -1.60 0.16   17 
2.6147 21.30 0.10 -1.92 0.12   88 
2.6184 20.35 0.10 -2.52 0.10   24 
2.6253 20.76 0.01 -0.66 0.01   72 
2.6767 20.50 0.15 -1.96 0.16   31 
2.6840 20.50 0.20 -0.62 0.16  222 
2.7684 20.80 0.10 -0.67 0.10   82 
2.7800 20.30 0.15 -1.31 0.18   22 
2.7834 21.00 0.07 -1.93 0.07   53 
2.7958 20.95 0.10 -1.67 0.12   38 
2.8268 20.30 0.04 -0.75 0.05  138 
2.8349 20.80 0.10 -1.37 0.10   32 
2.8757 20.50 0.15 -1.80 0.15   51 
2.9121 20.30 0.15 -1.50 0.15   30 
2.9131 20.55 0.15 -1.65 0.15   91 
2.9289 20.30 0.15 -1.54 0.15   18 
2.9344 20.80 0.15 -0.89 0.15  243 
2.9489 20.70 0.10 -1.97 0.12   98 
2.9588 20.50 0.10 -0.50 0.10  128 
2.9642 20.85 0.20 -1.91 0.16   39 
3.0174 20.48 0.10 -1.62 0.10   36 
3.0241 20.45 0.10 -1.39 0.09  112 
3.0247 20.62 0.01 -1.11 0.02   88 
3.0620 21.20 0.10 -1.49 0.10  108 
3.1040 21.10 0.10 -0.82 0.10  254 
3.1192 20.30 0.10 -2.18 0.10   62 
3.2073 20.30 0.10 -1.68 0.16   18 
3.2200 20.85 0.10 -0.64 0.10  123 
3.2244 20.67 0.07 -2.24 0.16   42 
3.2352 20.30 0.10 -1.69 0.11   18 
3.2458 20.30 0.10 -0.82 0.10   88 
3.2529 20.70 0.10 -0.88 0.10  220 
3.2627 21.10 0.10 -1.56 0.10   51 
3.2732 20.30 0.15 -1.68 0.16  117 
3.2795 20.45 0.08 -1.08 0.09   66 
3.3172 20.34 0.10 -1.60 0.15   50 
3.3868 21.26 0.10 -1.20 0.15   64 
3.3901 21.41 0.08 -1.68 0.19   26 
3.4388 20.92 0.10 -1.01 0.11  118 
3.6076 20.50 0.10 -1.74 0.10   28 
3.6662 20.45 0.10 -1.83 0.10   32 
3.7075 21.35 0.15 -2.07 0.15   25 
3.7358 20.72 0.10 -2.27 0.10   34 
3.7975 21.35 0.15 -0.74 0.15  484 
3.8566 20.60 0.10 -1.64 0.17  246 
3.8635 20.55 0.10 -2.54 0.10   44 
3.9146 21.30 0.05 -1.72 0.05   34 
4.0022 20.60 0.15 -1.65 0.16   22 
4.0196 20.95 0.15 -2.28 0.20   82 
4.0244 20.55 0.10 -1.51 0.17  288 
4.0803 20.52 0.11 -1.82 0.11  142 
4.1392 20.70 0.20 -1.99 0.21   68 
4.1578 20.60 0.15 -2.38 0.15   23 
4.1798 20.70 0.10 -1.45 0.11  342 
4.2029 20.40 0.10 -2.56 0.10   28 
4.2241 21.00 0.10 -0.94 0.17   90 
4.2584 21.30 0.15 -1.15 0.15   84 
4.3498 20.45 0.10 -1.88 0.10  175 
4.3828 20.60 0.14 -1.75 0.14  172 
4.3947 21.74 0.10 -1.68 0.18  142 
4.3990 20.89 0.15 -1.31 0.15   70 
4.4741 20.30 0.15 -1.70 0.15   35 
4.4765 20.50 0.15 -1.38 0.16  109 
4.7394 20.30 0.15 -1.39 0.17   77 
4.7955 21.10 0.15 -2.35 0.16   18 
4.8206 20.35 0.10 -2.27 0.10   36 
5.0647 20.30 0.15 -2.66 0.15   32 
