#f key:  f_a: 0 = no measurement (set to -30). 1 = Si 2 = Si lower limit (error set to 0) 3 = Si upper limit 4 = S/H 5 = O/H 13 = Si + S limits
# f_Zn:  0=No measurement; 1=Zn measurement; 2=Zn lower limit; 3=Zn upper limit
# f_Fe: 0=No measurement; 1=Fe measurement; 2=Fe lower limit; 3=Fe upper limit; 4=[Ni/H]-0.1dex; 5=[Cr/H] - 0.2dex; 6=[Al/H]; 11-16=Fe, Ni, Cr, Al limits; 25=Mean of Fe limits.
# z_em      z_abs         NHI       error       f_a       α /H      error       f_zn     Zn/H       error       f_Fe    Fe/H       error
1.950		1.6559		 21.25      0.15 		 1		 -0.89 		0.07		 3		 -0.55 		0.00		 1		 -1.05 		0.07
2.310		1.6614		 20.80      0.10 		 1		 -1.04 		0.01		 1		 -0.99 		0.01		 1		 -1.48 		0.02
2.080		1.7764		 21.14      0.08 		 1		 -1.42 		0.00		 1		 -1.27 		0.03		 1		 -2.02 		0.00
2.120		1.7806		 21.45      0.15 		 1		 -1.21 		0.03		 1		 -1.01 		0.04		 1		 -1.48 		0.02
2.448		1.8573		 20.90      0.10 		 1		 -1.05 		0.11		 1		 -1.05 		0.11		 1		 -1.32 		0.11
2.500		1.8640		 21.00      0.10 		 4		 -1.51 		0.03		 0		 -30.00 	0.00		 0		 -30.00 	0.00
2.150		1.8644		 20.85      0.08 		 1		 -0.75 		0.01		 1		 -0.72 		0.03		 1		 -1.16 		0.02
2.540		1.8918		 20.60      0.10 		 1		 -0.87 		0.02		 1		 -0.90 		0.03		 1		 -1.14 		0.06
2.523		1.9035		 21.54      0.10 		 0		 -30.00 	0.00		 1		 -1.30 		0.03		 5		 -1.80 		0.02
3.020		1.9130		 20.80      0.10 		 0		 -30.00 	0.00		 1		 -1.03 		0.03		 0		 -30.00 	0.00
2.560		1.9200		 20.65      0.07 		 1		 -0.42 		0.00		 1		 -0.41 		0.01		 1		 -0.86 		0.02
2.394		1.9314		 20.48      0.10 		 0		 -30.00 	0.00		 1		 -0.22 		0.05		 5		 -0.68 		0.04
1.990		1.9440		 21.80      0.10 		 2		 -1.43 		0.00		 1		 -1.36 		0.06		 1		 -1.81 		0.04
2.944		1.9470		 20.30      0.10 		 0		 -30.00 	0.00		 3		 -0.59 		0.00		 0		 -30.00 	0.00
2.318		1.9622		 20.50      0.08 		 1		 -0.44 		0.06		 1		 -0.15 		0.05		 1		 -0.95 		0.05
2.090		1.9700		 20.83      0.15 		 1		 -0.91 		0.11		 1		 -0.44 		0.08		 1		 -1.43 		0.01
2.086		1.9730		 20.83      0.07 		 1		 -0.96 		0.04		 1		 -0.76 		0.08		 1		 -1.52 		0.04
2.610		1.9991		 20.95      0.07 		 1		 -1.48 		0.03		 1		 -1.29 		0.05		 1		 -1.70 		0.05
2.838		2.0190		 20.65      0.10 		 0		 -30.00 	0.00		 1		 -1.62 		0.15		 0		 -30.00 	0.00
2.145		2.0250		 20.80      0.10 		 0		 -30.00 	0.00		 1		 -1.20 		0.06		 1		 -1.33 		0.04
2.290		2.0396		 21.65      0.09 		 2		 -1.17 		0.00		 1		 -1.19 		0.02		 1		 -1.76 		0.05
2.090		2.0545		 20.35      0.15 		 1		 -0.74 		0.04		 1		 -0.39 		0.08		 4		 -0.92 		0.03
3.020		2.0661		 20.56      0.10 		 1		 -0.88 		0.02		 1		 -0.88 		0.03		 1		 -1.40 		0.07
2.300		2.0666		 20.53      0.08 		 1		 -1.47 		0.01		 0		 -30.00 	0.00		 1		 -1.88 		0.03
2.670		2.0668		 21.00      0.10 		 1		 -1.38 		0.01		 1		 -1.46 		0.02		 1		 -1.61 		0.02
2.560		2.0762		 20.43      0.06 		 1		 -2.31 		0.04		 3		 -1.86 		0.00		 1		 -2.61 		0.02
2.800		2.0951		 20.70      0.10 		 1		 -0.77 		0.02		 1		 -0.77 		0.03		 1		 -1.65 		0.03
3.210		2.1070		 20.30      0.15 		 4		 -1.12 		0.08		 0		 -30.00 	0.00		 0		 -30.00 	0.00
2.430		2.1408		 20.50      0.10 		 1		 -1.49 		0.05		 1		 -1.69 		0.12		 1		 -1.77 		0.02
2.780		2.1410		 20.95      0.05 		 1		 -1.25 		0.04		 0		 -30.00 	0.00		 1		 -1.51 		0.36
2.800		2.1539		 20.30      0.10 		 1		 -1.58 		0.01		 3		 -1.06 		0.00		 1		 -1.88 		0.03
2.476		2.1821		 20.48      0.10 		 0		 -30.00 	0.00		 3		 -1.33 		0.00		 0		 -30.00 	0.00
3.528		2.1929		 20.60      0.10 		 0		 -30.00 	0.00		 1		 -0.26 		0.03		 5		 -1.02 		0.03
2.540		2.2100		 20.80      0.20 		 1		 -1.00 		0.10		 1		 -0.53 		0.11		 1		 -1.30 		0.11
3.250		2.2550		 20.35      0.10 		 0		 -30.00 	0.00		 1		 -1.07 		0.15		 0		 -30.00 	0.00
2.440		2.2668		 20.75      0.15 		 1		 -0.84 		0.09		 3		 -0.68 		0.00		 1		 -1.17 		0.13
2.940		2.2794		 20.56      0.08 		 1		 -1.92 		0.02		 0		 -30.00 	0.00		 1		 -2.24 		0.02
3.000		2.2931		 20.45      0.16 		 1		 -0.56 		0.04		 0		 -30.00 	0.00		 1		 -1.06 		0.09
2.649		2.3020		 20.78      0.10 		 0		 -30.00 	0.00		 3		 -1.25 		0.00		 5		 -1.54 		0.06
2.690		2.3090		 21.37      0.08 		 4		 -1.46 		0.01		 1		 -1.59 		0.02		 1		 -1.90 		0.04
3.010		2.3300		 20.67      0.02 		 1		 -0.87 		0.03		 0		 -30.00 	0.00		 1		 -1.25 		0.03
2.570		2.3371		 20.90      0.10 		 1		 -1.28 		0.09		 0		 -30.00 	0.00		 1		 -1.72 		0.09
2.863		2.3474		 20.78      0.10 		 0		 -30.00 	0.00		 1		 -0.73 		0.03		 5		 -1.57 		0.05
2.927		2.3543		 20.50      0.15 		 1		 -0.61 		0.05		 3		 -0.39 		0.00		 1		 -1.05 		0.02
3.037		2.3700		 20.85      0.10 		 4		 -1.81 		0.05		 0		 -30.00 	0.00		 1		 -1.89 		0.08
2.500		2.3745		 20.95      0.09 		 1		 -1.27 		0.02		 1		 -1.50 		0.05		 4		 -1.78 		0.03
3.170		2.3830		 20.60      0.05 		 0		 -30.00 	0.00		 1		 -1.15 		0.10		 0		 -30.00 	0.00
2.985		2.4180		 20.50      0.08 		 1		 -2.45 		0.05		 0		 -30.00 	0.00		 1		 -2.65 		0.05
2.810		2.4230		 20.78      0.08 		 4		 -1.29 		0.08		 0		 -30.00 	0.00		 1		 -1.46 		0.05
3.014		2.4263		 20.50      0.10 		 1		 -0.69 		0.02		 0		 -30.00 	0.00		 1		 -1.38 		0.01
2.763		2.4313		 20.34      0.10 		 1		 -0.54 		0.01		 0		 -30.00 	0.00		 1		 -1.20 		0.00
2.838		2.4562		 20.54      0.10 		 1		 -2.02 		0.02		 0		 -30.00 	0.00		 1		 -2.30 		0.02
2.490		2.4628		 20.38      0.05 		 1		 -0.41 		0.01		 1		 -0.29 		0.05		 1		 -0.87 		0.00
2.700		2.4653		 20.58      0.10 		 1		 -1.15 		0.05		 3		 -1.12 		0.00		 1		 -1.40 		0.01
2.920		2.4661		 21.50      0.10 		 1		 -1.59 		0.01		 1		 -1.62 		0.03		 1		 -1.84 		0.02
3.250		2.4690		 20.39      0.10 		 1		 -2.13 		0.10		 0		 -30.00 	0.00		 1		 -2.46 		0.05
2.500		2.4762		 20.78      0.10 		 4		 -1.39 		0.03		 3		 -1.33 		0.00		 1		 -1.75 		0.05
3.006		2.5009		 20.40      0.10 		 0		 -30.00 	0.00		 3		 -1.37 		0.00		 5		 -1.40 		0.04
3.216		2.5082		 21.15      0.15 		 2		 -0.56 		0.00		 1		 -0.29 		0.02		 1		 -1.08 		0.04
2.790		2.5379		 20.36      0.10 		 1		 -1.74 		0.01		 0		 -30.00 	0.00		 1		 -1.82 		0.03
3.020		2.5505		 21.13      0.10 		 1		 -1.37 		0.04		 1		 -1.36 		0.05		 1		 -1.68 		0.06
2.570		2.5693		 20.60      0.10 		 0		 -30.00 	0.00		 3		 -0.53 		0.00		 0		 -30.00 	0.00
3.200		2.5696		 20.30      0.15 		 1		 -1.63 		0.09		 0		 -30.00 	0.00		 1		 -1.65 		0.12
3.297		2.5841		 21.40      0.10 		 1		 -1.05 		0.01		 1		 -1.09 		0.05		 1		 -1.65 		0.03
3.020		2.5950		 21.09      0.10 		 1		 -1.06 		0.03		 1		 -1.08 		0.02		 1		 -1.44 		0.02
3.014		2.6147		 21.30      0.10 		 1		 -1.98 		0.07		 3		 -2.07 		0.00		 1		 -2.23 		0.09
2.785		2.6180		 20.35      0.10 		 1		 -2.60 		0.05		 0		 -30.00 	0.00		 0		 -30.00 	0.00
3.020		2.6215		 20.47      0.10 		 1		 -2.04 		0.06		 0		 -30.00 	0.00		 1		 -2.37 		0.02
3.050		2.6253		 20.76      0.01 		 1		 -0.79 		0.01		 2		 -1.68 		0.00		 1		 -1.18 		0.00
2.701		2.6263		 21.35      0.10 		 1		 -0.93 		0.05		 1		 -0.87 		0.02		 1		 -1.76 		0.01
3.090		2.6710		 21.10      0.10 		 1		 -1.44 		0.08		 0		 -30.00 	0.00		 1		 -1.86 		0.06
2.906		2.6823		 20.47      0.10 		 0		 -30.00 	0.00		 3		 -1.15 		0.00		 0		 -30.00 	0.00
2.985		2.7020		 20.30      0.10 		 1		 -0.50 		0.05		 0		 -30.00 	0.00		 0		 -30.00 	0.00
2.830		2.7026		 20.67      0.05 		 1		 -1.99 		0.01		 0		 -30.00 	0.00		 1		 -2.06 		0.03
2.970		2.7144		 21.00      0.15 		 1		 -0.94 		0.07		 1		 -0.78 		0.11		 1		 -1.20 		0.08
3.074		2.7434		 20.74      0.10 		 0		 -30.00 	0.00		 3		 -0.59 		0.00		 5		 -1.15 		0.06
3.200		2.7749		 21.45      0.15 		 1		 -1.04 		0.02		 0		 -30.00 	0.00		 1		 -1.66 		0.05
3.130		2.7775		 21.00      0.10 		 4		 -1.37 		0.02		 3		 -1.25 		0.00		 1		 -1.82 		0.01
3.150		2.7799		 20.30      0.15 		 1		 -1.86 		0.05		 0		 -30.00 	0.00		 1		 -2.33 		0.08
4.010		2.7828		 21.85      0.20 		 2		 -1.81 		0.00		 1		 -1.67 		0.07		 1		 -2.01 		0.04
2.885		2.7835		 21.00      0.07 		 1		 -2.08 		0.14		 3		 -1.62 		0.00		 1		 -2.47 		0.01
2.917		2.7959		 20.95      0.10 		 1		 -1.72 		0.07		 3		 -1.37 		0.00		 1		 -2.38 		0.02
3.119		2.7989		 20.70      0.05 		 1		 -1.80 		0.01		 0		 -30.00 	0.00		 3		 -1.09 		0.00
3.210		2.8000		 21.00      0.10 		 4		 -1.57 		0.08		 0		 -30.00 	0.00		 1		 -1.75 		0.14
3.170		2.8268		 20.30      0.04 		 2		 -0.84 		0.00		 1		 -0.79 		0.04		 1		 -1.32 		0.00
3.170		2.8520		 20.80      0.08 		 0		 -30.00 	0.00		 1		 -1.52 		0.10		 1		 -1.72 		0.05
2.917		2.9082		 21.10      0.10 		 1		 -1.04 		0.02		 3		 -1.30 		0.00		 1		 -1.58 		0.06
3.120		2.9489		 20.70      0.10 		 1		 -1.94 		0.02		 3		 -1.14 		0.00		 1		 -2.16 		0.01
3.006		2.9668		 20.78      0.10 		 0		 -30.00 	0.00		 3		 -1.52 		0.00		 0		 -30.00 	0.00
4.320		2.9831		 21.50      0.15 		 3		 -1.97 		0.00		 3		 -1.95 		0.00		 1		 -2.75 		0.06
3.220		3.0174		 20.48      0.10 		 1		 -1.68 		0.00		 0		 -30.00 	0.00		 1		 -1.93 		0.00
3.230		3.0247		 20.63      0.00 		 1		 -1.16 		0.03		 0		 -30.00 	0.00		 1		 -1.62 		0.01
3.330		3.0572		 20.45      0.10 		 1		 -1.08 		0.07		 3		 -0.90 		0.00		 1		 -1.62 		0.01
3.200		3.0621		 21.20      0.10 		 4		 -1.54 		0.01		 0		 -30.00 	0.00		 1		 -1.81 		0.02
3.140		3.0924		 21.05      0.15 		 1		 -0.72 		0.01		 3		 -0.58 		0.00		 1		 -1.19 		0.03
4.405		3.1040		 21.10      0.10 		 1		 -0.88 		0.02		 1		 -0.49 		0.05		 1		 -1.42 		0.05
4.450		3.1132		 20.65      0.07 		 1		 -1.54 		0.11		 3		 -1.14 		0.00		 1		 -1.98 		0.04
3.561		3.1192		 20.30      0.10 		 1		 -2.23 		0.04		 0		 -30.00 	0.00		 1		 -2.37 		0.04
3.442		3.1799		 20.79      0.10 		 0		 -30.00 	0.00		 3		 -1.21 		0.00		 0		 -30.00 	0.00
3.990		3.2020		 20.65      0.15 		 2		 -1.47 		0.00		 3		 -0.74 		0.00		25		 -1.41 		0.15
4.520		3.2191		 21.35      0.15 		 0		 -30.00 	0.00		 3		 -2.02 		0.00		11		 -2.02 		0.00
4.240		3.2194		 21.35      0.07 		 2		 -1.99 		0.00		 3		 -1.63 		0.00		 1		 -1.56 		0.08
4.180		3.2244		 20.67      0.07 		 1		 -2.33 		0.02		 3		 -1.18 		0.00		 1		 -2.45 		0.04
3.420		3.2353		 20.30      0.10 		 1		 -1.97 		0.02		 0		 -30.00 	0.00		 1		 -2.08 		0.02
3.290		3.2458		 20.30      0.10 		 4		 -0.85 		0.00		 0		 -30.00 	0.00		 1		 -1.26 		0.00
3.970		3.2529		 20.70      0.10 		 1		 -0.93 		0.04		 0		 -30.00 	0.00		 1		 -1.44 		0.01
3.370		3.2660		 21.30      0.05 		 0		 -30.00 	0.00		 1		 -1.65 		0.11		 0		 -30.00 	0.00
4.280		3.2725		 21.25      0.10 		 1		 -1.08 		0.05		 3		 -1.21 		0.00		 4		 -1.85 		0.10
4.250		3.2796		 20.45      0.08 		 1		 -1.13 		0.05		 3		 -0.97 		0.00		 1		 -1.58 		0.02
4.260		3.3163		 20.55      0.15 		 1		 -1.23 		0.07		 3		 -1.11 		0.00		25		 -1.59 		0.15
4.130		3.3172		 20.34      0.10 		 1		 -1.65 		0.11		 0		 -30.00 	0.00		 1		 -1.87 		0.01
4.520		3.3407		 21.05      0.15 		 3		 -2.08 		0.00		 3		 -1.55 		0.00		 1		 -2.79 		0.04
3.960		3.3504		 20.84      0.10 		 1		 -1.27 		0.08		 1		 -1.25 		0.04		 1		 -1.51 		0.03
3.610		3.3869		 21.26      0.10 		 4		 -1.25 		0.11		 0		 -30.00 	0.00		 1		 -1.41 		0.05
4.110		3.3901		 21.41      0.08 		 1		 -1.91 		0.02		 0		 -30.00 	0.00		 1		 -2.16 		0.03
4.180		3.3913		 20.30      0.10 		13		 -1.40 		0.15		 3		 -0.51 		0.00		 1		 -1.53 		0.04
4.460		3.4036		 21.15      0.15 		13		 -1.80 		0.29		 0		 -30.00 	0.00		 2		 -2.18 		0.00
4.110		3.4233		 20.85      0.05 		13		 -1.66 		0.21		 0		 -30.00 	0.00		11		 -1.76 		0.00
4.520		3.4252		 21.10      0.20 		 1		 -1.51 		0.05		 0		 -30.00 	0.00		11		 -1.76 		0.00
4.530		3.4389		 20.92      0.10 		 1		 -1.06 		0.05		 0		 -30.00 	0.00		 4		 -1.58 		0.04
3.689		3.4483		 20.40      0.10 		 0		 -30.00 	0.00		 3		 -1.09 		0.00		 0		 -30.00 	0.00
4.050		3.4960		 21.10      0.10 		 1		 -1.57 		0.04		 3		 -1.32 		0.00		 4		 -1.78 		0.04
4.180		3.5539		 20.50      0.10 		 2		 -1.82 		0.00		 3		 -0.56 		0.00		 1		 -1.91 		0.06
3.920		3.6076		 20.50      0.10 		 1		 -1.80 		0.00		 0		 -30.00 	0.00		 1		 -2.12 		0.01
4.170		3.6667		 20.45      0.10 		13		 -1.68 		0.20		 0		 -30.00 	0.00		 1		 -2.31 		0.06
4.180		3.6845		 20.95      0.10 		 1		 -2.59 		0.03		 0		 -30.00 	0.00		 1		 -3.05 		0.12
4.130		3.6926		 20.70      0.10 		13		 -1.85 		0.21		 0		 -30.00 	0.00		 1		 -2.63 		0.06
4.520		3.6947		 20.50      0.15 		 2		 -1.20 		0.00		 1		 -0.62 		0.13		13		 -1.16 		0.00
4.350		3.6970		 20.63      0.07 		 1		 -1.72 		0.01		 3		 -0.63 		0.00		 1		 -2.20 		0.05
4.050		3.7045		 20.55      0.15 		 2		 -1.74 		0.00		 0		 -30.00 	0.00		11		 -1.62 		0.00
4.060		3.7274		 21.15      0.10 		13		 -2.11 		0.29		 0		 -30.00 	0.00		 0		 -30.00 	0.00
3.990		3.7358		 20.72      0.10 		 1		 -2.33 		0.01		 0		 -30.00 	0.00		 6		 -2.63 		0.02
4.520		3.7609		 20.85      0.05 		 2		 -2.51 		0.00		 0		 -30.00 	0.00		 6		 -2.71 		0.03
3.990		3.7612		 20.40      0.15 		 1		 -2.02 		0.05		 3		  0.09 		0.00		 6		 -2.30 		0.05
4.180		3.7617		 20.55      0.15 		13		 -1.52 		0.21		 0		 -30.00 	0.00		 0		 -30.00 	0.00
4.130		3.7736		 20.55      0.10 		 1		 -0.65 		0.04		 3		 -0.12 		0.00		 4		 -0.84 		0.03
4.180		3.8109		 20.35      0.20 		 1		 -2.03 		0.10		 0		 -30.00 	0.00		 1		 -2.17 		0.11
4.050		3.8382		 20.85      0.15 		13		 -2.17 		0.24		 0		 -30.00 	0.00		 1		 -2.44 		0.03
4.370		3.8567		 20.60      0.10 		 2		 -1.53 		0.00		 0		 -30.00 	0.00		 1		 -2.00 		0.06
4.170		3.8643		 20.55      0.10 		 1		 -2.66 		0.04		 0		 -30.00 	0.00		 6		 -2.87 		0.05
4.460		3.8910		 21.20      0.10 		13		 -1.46 		0.15		 0		 -30.00 	0.00		 4		 -1.70 		0.06
4.110		3.9000		 20.50      0.10 		 1		 -2.01 		0.01		 3		 -0.73 		0.00		 6		 -2.45 		0.03
3.970		3.9146		 21.30      0.05 		 4		 -1.78 		0.01		 0		 -30.00 	0.00		 1		 -2.05 		0.09
4.430		4.0244		 20.55      0.10 		 0		 -30.00 	0.00		 0		 -30.00 	0.00		 1		 -1.86 		0.08
4.560		4.0803		 20.52      0.11 		 1		 -1.87 		0.02		 0		 -30.00 	0.00		 1		 -2.14 		0.12
4.250		4.1798		 20.70      0.10 		 1		 -1.70 		0.01		 0		 -30.00 	0.00		 1		 -2.07 		0.05
4.370		4.2029		 20.40      0.10 		 1		 -2.62 		0.03		 0		 -30.00 	0.00		 3		 -2.57 		0.00
4.410		4.2241		 20.80      0.10 		 2		 -0.93 		0.00		 0		 -30.00 	0.00		 1		 -1.10 		0.06
4.460		4.2442		 20.90      0.15 		 1		 -2.19 		0.03		 0		 -30.00 	0.00		 1		 -2.52 		0.08
4.440		4.2824		 21.15      0.10 		 4		 -1.76 		0.03		 0		 -30.00 	0.00		11		 -1.87 		0.00
4.690		4.3829		 20.60      0.14 		 1		 -1.81 		0.02		 0		 -30.00 	0.00		 1		 -2.19 		0.12
4.780		4.4679		 20.67      0.09 		 1		 -1.55 		0.08		 0		 -30.00 	0.00		 1		 -1.96 		0.21
4.850		4.7430		 20.65      0.15 		 0		 -30.00 	0.00		 0		 -30.00 	0.00		 1		 -2.82 		0.15
