0.000000000000000000e+00 7.524879999999999638e-14 4.164199999999999942e-14 2.243299999999999888e-16 4.954800000000000114e-25 4.427040000000000433e-25 1.001679999999999956e-26
5.000000000000000104e-03 7.664260000000000100e-14 4.251440000000000310e-14 2.296239999999999916e-16 5.051620000000000262e-25 4.520700000000000149e-25 1.024409999999999980e-26
1.000000000000000021e-02 7.806060000000000314e-14 4.340499999999999908e-14 2.351239999999999824e-16 5.150360000000000185e-25 4.616299999999999695e-25 1.047918000000000039e-26
1.499999999999999944e-02 8.025799999999999739e-14 4.478360000000000140e-14 2.436580000000000142e-16 5.303039999999999789e-25 4.764320000000000249e-25 1.084346000000000041e-26
2.000000000000000042e-02 8.320140000000000179e-14 4.663960000000000000e-14 2.551960000000000155e-16 5.507760000000000275e-25 4.964059999999999886e-25 1.133425999999999979e-26
2.500000000000000139e-02 8.624439999999999701e-14 4.857579999999999861e-14 2.674119999999999758e-16 5.720499999999999874e-25 5.172760000000000305e-25 1.185086000000000015e-26
2.999999999999999889e-02 8.940140000000000314e-14 5.059499999999999797e-14 2.803519999999999947e-16 5.941440000000000002e-25 5.390779999999999743e-25 1.239475999999999989e-26
3.500000000000000333e-02 9.269059999999999987e-14 5.271359999999999891e-14 2.940640000000000093e-16 6.171999999999999974e-25 5.620180000000000195e-25 1.296794000000000031e-26
4.000000000000000083e-02 9.609239999999999453e-14 5.492379999999999842e-14 3.085779999999999923e-16 6.411539999999999865e-25 5.859979999999999884e-25 1.357117999999999972e-26
4.499999999999999833e-02 9.962259999999999497e-14 5.722859999999999911e-14 3.239440000000000136e-16 6.660300000000000336e-25 6.110519999999999744e-25 1.420616000000000120e-26
5.000000000000000278e-02 1.032980000000000057e-13 5.964639999999999513e-14 3.402280000000000234e-16 6.919820000000000115e-25 6.374099999999999677e-25 1.487530000000000061e-26
5.500000000000000028e-02 1.071005999999999986e-13 6.216819999999999757e-14 3.574679999999999841e-16 7.189440000000000142e-25 6.649699999999999631e-25 1.557965999999999892e-26
5.999999999999999778e-02 1.110477999999999961e-13 6.479780000000000386e-14 3.757140000000000147e-16 7.469360000000000047e-25 6.937679999999999679e-25 1.632093999999999908e-26
6.500000000000000222e-02 1.151537999999999914e-13 6.755519999999999774e-14 3.950380000000000207e-16 7.761259999999999864e-25 7.240600000000000438e-25 1.710180000000000131e-26
7.000000000000000666e-02 1.194032000000000056e-13 7.043100000000000554e-14 4.154939999999999925e-16 8.064459999999999556e-25 7.557299999999999633e-25 1.792378000000000088e-26
7.499999999999999722e-02 1.238152000000000024e-13 7.342899999999999943e-14 4.371420000000000240e-16 8.379140000000000539e-25 7.888260000000000422e-25 1.878881999999999934e-26
8.000000000000000167e-02 1.284017999999999921e-13 7.657179999999999993e-14 4.600559999999999562e-16 8.707259999999999940e-25 8.236339999999999657e-25 1.969968000000000062e-26
8.500000000000000611e-02 1.331502000000000075e-13 7.984920000000000069e-14 4.843020000000000350e-16 9.048040000000000206e-25 8.600200000000000078e-25 2.065819999999999969e-26
8.999999999999999667e-02 1.380819999999999967e-13 8.326619999999999764e-14 5.099560000000000373e-16 9.401699999999999186e-25 8.980399999999999552e-25 2.166680000000000101e-26
9.500000000000000111e-02 1.432049999999999941e-13 8.684919999999999611e-14 5.370979999999999565e-16 9.770299999999999796e-25 9.380239999999999816e-25 2.272839999999999897e-26
1.000000000000000056e-01 1.485096000000000117e-13 9.058319999999999564e-14 5.657940000000000387e-16 1.015298000000000059e-24 9.798060000000000892e-25 2.384499999999999907e-26
1.049999999999999961e-01 1.540200000000000091e-13 9.447379999999999777e-14 5.961419999999999946e-16 1.054995999999999941e-24 1.023446000000000076e-24 2.501939999999999925e-26
1.100000000000000006e-01 1.597390000000000123e-13 9.855200000000000002e-14 6.282359999999999595e-16 1.096353999999999983e-24 1.069343999999999940e-24 2.625519999999999853e-26
1.150000000000000050e-01 1.656613999999999983e-13 1.027974000000000023e-13 6.621440000000000167e-16 1.139261999999999976e-24 1.117274000000000071e-24 2.755419999999999784e-26
1.199999999999999956e-01 1.718136000000000102e-13 1.072150000000000006e-13 6.979720000000000143e-16 1.183746000000000081e-24 1.167306000000000018e-24 2.891959999999999852e-26
1.250000000000000000e-01 1.781944000000000116e-13 1.118433999999999998e-13 7.358359999999999725e-16 1.230088000000000066e-24 1.219921999999999913e-24 3.035560000000000180e-26
1.300000000000000044e-01 1.848024000000000023e-13 1.166568000000000003e-13 7.758080000000000430e-16 1.278137999999999976e-24 1.274811999999999913e-24 3.186400000000000001e-26
1.350000000000000089e-01 1.916662000000000078e-13 1.216593999999999905e-13 8.179999999999999799e-16 1.327920000000000061e-24 1.332044000000000023e-24 3.344819999999999906e-26
1.400000000000000133e-01 1.988078000000000054e-13 1.268981999999999903e-13 8.625480000000000483e-16 1.379764000000000035e-24 1.392218000000000057e-24 3.511279999999999784e-26
1.449999999999999900e-01 2.061740000000000058e-13 1.323399999999999945e-13 9.095279999999999755e-16 1.433476000000000008e-24 1.454913999999999960e-24 3.685999999999999780e-26
1.499999999999999944e-01 2.138220000000000102e-13 1.379881999999999966e-13 9.590580000000000131e-16 1.489077999999999948e-24 1.520207999999999942e-24 3.869319999999999913e-26
1.549999999999999989e-01 2.217699999999999981e-13 1.438990000000000011e-13 1.011293999999999981e-15 1.546948000000000069e-24 1.588830000000000084e-24 4.061760000000000007e-26
1.600000000000000033e-01 2.299679999999999850e-13 1.500326000000000043e-13 1.066314000000000035e-15 1.606864000000000035e-24 1.660278000000000014e-24 4.263540000000000207e-26
1.650000000000000078e-01 2.384520000000000022e-13 1.563891999999999956e-13 1.124248000000000041e-15 1.668824000000000117e-24 1.734592000000000026e-24 4.474999999999999957e-26
1.700000000000000122e-01 2.472819999999999757e-13 1.630362000000000076e-13 1.185260000000000055e-15 1.733275999999999894e-24 1.812666000000000100e-24 4.696720000000000165e-26
1.749999999999999889e-01 2.563879999999999875e-13 1.699247999999999910e-13 1.249431999999999907e-15 1.799949999999999817e-24 1.893870000000000065e-24 4.928900000000000233e-26
1.799999999999999933e-01 2.658060000000000187e-13 1.770535999999999959e-13 1.316901999999999996e-15 1.868834000000000037e-24 1.978217999999999867e-24 5.171899999999999775e-26
1.849999999999999978e-01 2.756020000000000004e-13 1.845046000000000012e-13 1.387855999999999965e-15 1.940427999999999910e-24 2.066780000000000154e-24 5.426380000000000377e-26
1.900000000000000022e-01 2.856959999999999976e-13 1.922192000000000055e-13 1.462364000000000031e-15 2.014420000000000045e-24 2.158760000000000022e-24 5.692459999999999614e-26
1.950000000000000067e-01 2.961300000000000216e-13 2.001960000000000085e-13 1.540564000000000000e-15 2.090780000000000086e-24 2.254180000000000175e-24 5.970520000000000140e-26
2.000000000000000111e-01 3.069599999999999865e-13 2.085219999999999974e-13 1.622621999999999962e-15 2.170039999999999844e-24 2.354200000000000130e-24 6.261119999999999822e-26
2.049999999999999878e-01 3.181139999999999812e-13 2.171339999999999914e-13 1.708628000000000082e-15 2.251840000000000163e-24 2.457959999999999910e-24 6.564460000000000359e-26
2.099999999999999922e-01 3.296340000000000169e-13 2.260280000000000038e-13 1.798707999999999960e-15 2.336179999999999942e-24 2.565459999999999881e-24 6.880879999999999473e-26
2.149999999999999967e-01 3.415679999999999841e-13 2.352900000000000001e-13 1.893027999999999884e-15 2.423560000000000007e-24 2.677919999999999912e-24 7.210879999999999686e-26
2.200000000000000011e-01 3.538460000000000151e-13 2.448579999999999852e-13 1.991669999999999880e-15 2.513639999999999973e-24 2.794420000000000041e-24 7.554660000000000403e-26
2.250000000000000056e-01 3.665140000000000072e-13 2.547160000000000124e-13 2.094740000000000192e-15 2.606359999999999857e-24 2.914920000000000159e-24 7.912479999999999812e-26
2.300000000000000100e-01 3.796099999999999849e-13 2.649640000000000007e-13 2.202400000000000052e-15 2.702259999999999861e-24 3.040739999999999858e-24 8.284819999999999694e-26
2.349999999999999867e-01 3.930660000000000237e-13 2.755319999999999815e-13 2.314699999999999925e-15 2.800999999999999967e-24 3.170859999999999820e-24 8.671780000000000325e-26
2.399999999999999911e-01 4.069340000000000006e-13 2.864000000000000216e-13 2.431720000000000000e-15 2.902480000000000084e-24 3.305160000000000083e-24 9.073519999999999619e-26
2.449999999999999956e-01 4.212320000000000069e-13 2.976780000000000065e-13 2.553619999999999870e-15 3.007220000000000173e-24 3.445140000000000182e-24 9.490480000000000165e-26
2.500000000000000000e-01 4.359019999999999838e-13 3.092840000000000077e-13 2.680399999999999931e-15 3.114819999999999868e-24 3.589620000000000361e-24 9.922580000000000136e-26
2.550000000000000044e-01 4.509960000000000101e-13 3.211900000000000178e-13 2.812120000000000028e-15 3.225240000000000162e-24 3.738359999999999958e-24 1.036993999999999940e-25
2.600000000000000089e-01 4.665160000000000288e-13 3.335179999999999830e-13 2.948879999999999907e-15 3.338919999999999693e-24 3.893139999999999648e-24 1.083280000000000000e-25
2.650000000000000133e-01 4.824059999999999742e-13 3.461699999999999780e-13 3.090640000000000065e-15 3.455480000000000171e-24 4.052480000000000134e-24 1.131095999999999909e-25
2.700000000000000178e-01 4.987240000000000063e-13 3.591059999999999847e-13 3.237420000000000056e-15 3.574780000000000293e-24 4.216040000000000295e-24 1.180432000000000098e-25
2.750000000000000222e-01 5.154480000000000469e-13 3.724699999999999770e-13 3.389239999999999829e-15 3.697320000000000148e-24 4.385920000000000218e-24 1.231295999999999947e-25
2.800000000000000266e-01 5.325340000000000409e-13 3.861459999999999886e-13 3.546019999999999982e-15 3.822640000000000124e-24 4.560240000000000239e-24 1.283649999999999993e-25
2.849999999999999756e-01 5.500359999999999597e-13 4.000780000000000043e-13 3.707639999999999639e-15 3.950519999999999798e-24 4.738480000000000028e-24 1.337448000000000019e-25
2.899999999999999800e-01 5.679979999999999593e-13 4.144319999999999753e-13 3.874140000000000273e-15 4.081679999999999684e-24 4.923100000000000295e-24 1.392686000000000105e-25
2.949999999999999845e-01 5.862039999999999526e-13 4.290759999999999884e-13 4.045240000000000233e-15 4.215240000000000298e-24 5.111920000000000000e-24 1.449285999999999991e-25
2.999999999999999889e-01 6.048019999999999507e-13 4.439359999999999877e-13 4.220819999999999825e-15 4.351080000000000207e-24 5.304199999999999859e-24 1.507179999999999902e-25
3.049999999999999933e-01 6.238059999999999574e-13 4.591979999999999584e-13 4.400720000000000243e-15 4.489940000000000163e-24 5.502839999999999958e-24 1.566327999999999959e-25
3.099999999999999978e-01 6.430039999999999731e-13 4.747240000000000076e-13 4.584640000000000281e-15 4.630840000000000223e-24 5.705420000000000064e-24 1.626613999999999979e-25
3.150000000000000022e-01 6.624800000000000206e-13 4.904119999999999706e-13 4.772239999999999622e-15 4.773499999999999984e-24 5.910880000000000015e-24 1.687930000000000079e-25
3.200000000000000067e-01 6.823299999999999814e-13 5.064699999999999614e-13 4.963260000000000111e-15 4.918840000000000142e-24 6.122560000000000003e-24 1.750194000000000079e-25
3.250000000000000111e-01 7.023199999999999801e-13 5.227419999999999954e-13 5.157240000000000159e-15 5.065780000000000296e-24 6.337640000000000166e-24 1.813249999999999917e-25
3.300000000000000155e-01 7.225020000000000449e-13 5.391079999999999683e-13 5.353679999999999856e-15 5.213860000000000097e-24 6.554680000000000212e-24 1.876931999999999963e-25
3.350000000000000200e-01 7.429760000000000443e-13 5.557899999999999976e-13 5.552119999999999981e-15 5.364039999999999984e-24 6.777520000000000426e-24 1.941112000000000047e-25
3.400000000000000244e-01 7.634760000000000075e-13 5.726219999999999808e-13 5.751900000000000241e-15 5.515100000000000089e-24 7.002920000000000339e-24 2.005559999999999997e-25
3.449999999999999734e-01 7.840539999999999628e-13 5.894560000000000078e-13 5.952300000000000105e-15 5.666499999999999844e-24 7.229080000000000507e-24 2.070079999999999869e-25
3.499999999999999778e-01 8.048020000000000073e-13 6.065279999999999981e-13 6.152620000000000173e-15 5.819180000000000183e-24 7.460260000000000348e-24 2.134440000000000220e-25
3.549999999999999822e-01 8.254359999999999777e-13 6.236660000000000206e-13 6.351939999999999634e-15 5.971820000000000044e-24 7.692899999999999984e-24 2.198379999999999873e-25
3.599999999999999867e-01 8.459960000000000436e-13 6.406939999999999557e-13 6.549220000000000346e-15 6.123719999999999890e-24 7.924699999999999878e-24 2.261579999999999786e-25
3.649999999999999911e-01 8.665719999999999551e-13 6.578639999999999724e-13 6.743500000000000024e-15 6.275879999999999900e-24 8.160519999999999266e-24 2.323760000000000106e-25
3.699999999999999956e-01 8.868479999999999588e-13 6.749900000000000349e-13 6.933440000000000109e-15 6.426780000000000299e-24 8.396319999999999884e-24 2.384539999999999787e-25
3.750000000000000000e-01 9.068759999999999821e-13 6.918780000000000333e-13 7.117680000000000121e-15 6.575680000000000337e-24 8.629520000000000326e-24 2.443499999999999969e-25
3.800000000000000044e-01 9.267039999999999659e-13 7.087800000000000353e-13 7.294879999999999924e-15 6.723439999999999992e-24 8.865219999999999750e-24 2.500300000000000176e-25
3.850000000000000089e-01 9.460219999999999851e-13 7.255160000000000359e-13 7.463299999999999612e-15 6.868539999999999489e-24 9.099219999999999455e-24 2.554419999999999894e-25
3.900000000000000133e-01 9.648819999999999674e-13 7.418600000000000317e-13 7.621299999999999418e-15 7.010099999999999345e-24 9.328439999999999412e-24 2.605400000000000154e-25
3.950000000000000178e-01 9.833420000000000725e-13 7.580940000000000411e-13 7.768540000000000604e-15 7.149219999999999466e-24 9.558519999999999348e-24 2.653120000000000165e-25
4.000000000000000222e-01 1.001181999999999924e-12 7.740780000000000263e-13 7.905140000000000496e-15 7.284879999999999431e-24 9.785600000000000211e-24 2.697620000000000040e-25
4.050000000000000266e-01 1.018533999999999990e-12 7.895999999999999878e-13 8.031460000000000545e-15 7.416619999999999627e-24 1.000658000000000027e-23 2.738899999999999776e-25
4.099999999999999756e-01 1.035465999999999942e-12 8.049740000000000393e-13 8.148280000000000736e-15 7.545800000000000125e-24 1.022797999999999945e-23 2.777200000000000035e-25
4.149999999999999800e-01 1.051803999999999907e-12 8.200820000000000189e-13 8.256400000000000607e-15 7.671579999999999713e-24 1.044577999999999976e-23 2.812679999999999879e-25
4.199999999999999845e-01 1.067684000000000038e-12 8.346679999999999731e-13 8.356139999999999344e-15 7.793380000000000287e-24 1.065603999999999969e-23 2.845379999999999878e-25
4.249999999999999889e-01 1.083266000000000001e-12 8.490600000000000192e-13 8.447159999999999786e-15 7.912780000000000132e-24 1.086614000000000066e-23 2.875200000000000216e-25
4.299999999999999933e-01 1.097996000000000081e-12 8.631140000000000318e-13 8.528799999999999275e-15 8.027619999999999918e-24 1.107124000000000072e-23 2.901919999999999828e-25
4.349999999999999978e-01 1.112153999999999948e-12 8.765279999999999583e-13 8.600499999999999237e-15 8.137559999999999992e-24 1.126673999999999934e-23 2.925340000000000001e-25
4.400000000000000022e-01 1.125869999999999927e-12 8.896419999999999770e-13 8.661839999999999559e-15 8.244139999999999635e-24 1.146063999999999944e-23 2.945359999999999999e-25
4.450000000000000067e-01 1.138612000000000076e-12 9.023620000000000480e-13 8.712300000000000777e-15 8.345439999999999440e-24 1.164896000000000052e-23 2.961799999999999787e-25
4.500000000000000111e-01 1.150591999999999991e-12 9.143340000000000903e-13 8.751340000000000717e-15 8.440700000000000621e-24 1.182577999999999952e-23 2.974479999999999788e-25
4.550000000000000155e-01 1.161991999999999922e-12 9.259199999999999563e-13 8.778700000000000436e-15 8.531760000000000162e-24 1.200004000000000030e-23 2.983319999999999782e-25
4.600000000000000200e-01 1.172404000000000020e-12 9.370619999999999910e-13 8.793920000000000711e-15 8.617120000000000728e-24 1.216813999999999955e-23 2.988159999999999786e-25
4.650000000000000244e-01 1.181945999999999940e-12 9.473680000000000886e-13 8.796599999999999406e-15 8.695679999999999477e-24 1.232291999999999997e-23 2.988879999999999931e-25
4.699999999999999734e-01 1.190821999999999911e-12 9.572079999999999740e-13 8.786599999999999638e-15 8.769339999999999985e-24 1.247422000000000000e-23 2.985460000000000161e-25
4.749999999999999778e-01 1.198615999999999908e-12 9.665639999999999596e-13 8.763600000000000645e-15 8.836759999999999482e-24 1.261880000000000064e-23 2.977760000000000091e-25
4.799999999999999822e-01 1.205458000000000052e-12 9.750060000000000159e-13 8.727359999999999882e-15 8.896719999999999569e-24 1.274838000000000003e-23 2.965699999999999960e-25
4.849999999999999867e-01 1.211565999999999969e-12 9.829200000000000163e-13 8.677900000000000061e-15 8.951320000000000333e-24 1.287377999999999949e-23 2.949319999999999878e-25
4.899999999999999911e-01 1.216530000000000068e-12 9.903240000000000522e-13 8.615079999999999564e-15 8.999299999999999958e-24 1.299221999999999964e-23 2.928560000000000139e-25
4.949999999999999956e-01 1.220491999999999925e-12 9.967639999999999723e-13 8.538820000000000175e-15 9.039399999999999569e-24 1.309432000000000017e-23 2.903380000000000173e-25
5.000000000000000000e-01 1.223685999999999922e-12 1.002627999999999997e-12 8.449359999999999704e-15 9.073840000000000684e-24 1.319167999999999997e-23 2.873879999999999798e-25
5.050000000000000044e-01 1.225710000000000035e-12 1.007988000000000087e-12 8.346759999999999969e-15 9.101559999999999467e-24 1.328238000000000109e-23 2.840079999999999985e-25
5.100000000000000089e-01 1.226714000000000017e-12 1.012351999999999966e-12 8.231159999999999432e-15 9.121200000000000256e-24 1.335567999999999877e-23 2.801999999999999873e-25
5.150000000000000133e-01 1.226954000000000024e-12 1.016122000000000060e-12 8.102979999999999782e-15 9.135159999999999371e-24 1.342404000000000067e-23 2.759779999999999845e-25
5.200000000000000178e-01 1.226034000000000065e-12 1.019417999999999968e-12 7.962499999999999519e-15 9.142559999999999534e-24 1.348656000000000046e-23 2.713520000000000178e-25
5.250000000000000222e-01 1.224120000000000039e-12 1.021718000000000070e-12 7.810080000000000091e-15 9.141979999999999958e-24 1.353106000000000116e-23 2.663320000000000228e-25
5.300000000000000266e-01 1.221484000000000049e-12 1.023422000000000039e-12 7.646280000000000073e-15 9.135899999999999388e-24 1.357062000000000020e-23 2.609380000000000087e-25
5.350000000000000311e-01 1.217740000000000019e-12 1.024722000000000044e-12 7.471680000000000746e-15 9.123759999999999955e-24 1.360583999999999887e-23 2.551860000000000195e-25
5.400000000000000355e-01 1.213060000000000084e-12 1.025048000000000016e-12 7.286739999999999756e-15 9.103980000000000433e-24 1.362276000000000099e-23 2.490940000000000129e-25
5.450000000000000400e-01 1.207734000000000032e-12 1.024792000000000062e-12 7.092259999999999799e-15 9.079080000000000044e-24 1.363490000000000042e-23 2.426819999999999980e-25
5.500000000000000444e-01 1.201389999999999993e-12 1.024229999999999969e-12 6.888959999999999828e-15 9.048879999999999579e-24 1.364475999999999909e-23 2.359780000000000059e-25
5.550000000000000488e-01 1.194230000000000052e-12 1.022744000000000029e-12 6.677579999999999931e-15 9.011699999999999556e-24 1.363652000000000066e-23 2.290020000000000000e-25
5.600000000000000533e-01 1.186503999999999929e-12 1.020730000000000034e-12 6.459000000000000233e-15 8.969999999999999949e-24 1.362401999999999987e-23 2.217860000000000222e-25
5.649999999999999467e-01 1.177902000000000003e-12 1.018518000000000043e-12 6.234119999999999624e-15 8.924020000000000686e-24 1.361154000000000078e-23 2.143540000000000010e-25
5.699999999999999512e-01 1.168630000000000040e-12 1.015439999999999963e-12 6.003760000000000354e-15 8.871839999999999419e-24 1.358085999999999900e-23 2.067320000000000079e-25
5.749999999999999556e-01 1.159106000000000009e-12 1.011842000000000002e-12 5.768859999999999633e-15 8.816280000000000421e-24 1.354479999999999912e-23 1.989558000000000083e-25
5.799999999999999600e-01 1.148654000000000045e-12 1.008203999999999972e-12 5.530439999999999991e-15 8.757060000000000350e-24 1.351172000000000101e-23 1.910538000000000022e-25
5.849999999999999645e-01 1.137700000000000090e-12 1.003770000000000074e-12 5.289379999999999975e-15 8.692599999999999449e-24 1.346072000000000061e-23 1.830541999999999938e-25
5.899999999999999689e-01 1.126602000000000009e-12 9.988380000000000703e-13 5.046599999999999607e-15 8.625379999999999401e-24 1.340370000000000034e-23 1.749900000000000050e-25
5.949999999999999734e-01 1.114769999999999904e-12 9.940700000000000243e-13 4.803180000000000082e-15 8.556040000000000497e-24 1.335436000000000065e-23 1.668937999999999971e-25
5.999999999999999778e-01 1.102540000000000066e-12 9.886119999999999076e-13 4.559960000000000046e-15 8.482379999999999989e-24 1.328847999999999896e-23 1.587937999999999971e-25
6.049999999999999822e-01 1.090219999999999973e-12 9.827379999999999672e-13 4.317900000000000211e-15 8.406639999999999634e-24 1.321754000000000006e-23 1.507221999999999972e-25
6.099999999999999867e-01 1.077500000000000003e-12 9.771919999999999422e-13 4.077919999999999810e-15 8.330640000000000584e-24 1.315838000000000071e-23 1.427097999999999949e-25
6.149999999999999911e-01 1.064546000000000056e-12 9.710540000000000748e-13 3.840840000000000304e-15 8.251360000000000588e-24 1.308345999999999986e-23 1.347832000000000037e-25
6.199999999999999956e-01 1.051656000000000098e-12 9.645719999999999414e-13 3.607459999999999655e-15 8.170919999999999971e-24 1.300388000000000069e-23 1.269706000000000049e-25
6.250000000000000000e-01 1.038522000000000045e-12 9.585540000000000775e-13 3.378580000000000165e-15 8.091440000000000527e-24 1.293953999999999975e-23 1.192998000000000106e-25
6.300000000000000044e-01 1.025303999999999970e-12 9.520340000000000205e-13 3.154900000000000048e-15 8.009619999999999601e-24 1.286008000000000054e-23 1.117925999999999937e-25
6.350000000000000089e-01 1.012284000000000092e-12 9.452119999999999108e-13 2.937040000000000094e-15 7.927379999999999540e-24 1.277572000000000016e-23 1.044719999999999944e-25
6.400000000000000133e-01 9.991620000000001000e-13 9.389919999999999636e-13 2.725639999999999853e-15 7.847239999999999565e-24 1.271027999999999931e-23 9.736020000000000040e-26
6.450000000000000178e-01 9.860819999999999174e-13 9.323400000000000440e-13 2.521259999999999873e-15 7.765540000000000072e-24 1.263013999999999934e-23 9.047300000000000235e-26
6.500000000000000222e-01 9.733100000000000199e-13 9.254020000000000185e-13 2.324319999999999872e-15 7.683920000000000064e-24 1.254413999999999995e-23 8.382639999999999840e-26
6.550000000000000266e-01 9.605480000000000385e-13 9.191939999999999302e-13 2.135299999999999810e-15 7.605400000000000323e-24 1.248093999999999939e-23 7.743560000000000281e-26
6.600000000000000311e-01 9.479220000000000073e-13 9.126120000000000295e-13 1.954544000000000073e-15 7.525919999999999409e-24 1.240325999999999939e-23 7.131020000000000528e-26
6.650000000000000355e-01 9.356760000000000209e-13 9.057099999999999848e-13 1.782301999999999827e-15 7.446700000000000130e-24 1.231764000000000013e-23 6.545880000000000421e-26
6.700000000000000400e-01 9.235220000000000305e-13 8.996600000000000258e-13 1.618862000000000075e-15 7.371419999999999388e-24 1.225894000000000039e-23 5.988999999999999803e-26
6.750000000000000444e-01 9.115640000000000930e-13 8.932660000000000027e-13 1.464376000000000073e-15 7.295499999999999823e-24 1.218573999999999950e-23 5.460739999999999434e-26
6.800000000000000488e-01 9.000200000000000363e-13 8.864759999999999882e-13 1.318841999999999984e-15 7.219700000000000221e-24 1.210119999999999990e-23 4.961299999999999866e-26
6.850000000000000533e-01 8.886120000000000308e-13 8.806480000000000458e-13 1.182327999999999991e-15 7.148460000000000680e-24 1.204804000000000016e-23 4.490900000000000096e-26
6.899999999999999467e-01 8.774239999999999981e-13 8.744940000000000298e-13 1.054747999999999996e-15 7.076739999999999818e-24 1.198039999999999951e-23 4.049319999999999978e-26
6.949999999999999512e-01 8.666459999999999606e-13 8.678119999999999579e-13 9.358620000000000204e-16 7.004579999999999582e-24 1.189643999999999949e-23 3.636020000000000092e-26
6.999999999999999556e-01 8.560120000000000486e-13 8.621960000000000149e-13 8.255360000000000298e-16 6.937479999999999496e-24 1.184890000000000071e-23 3.250620000000000081e-26
7.049999999999999600e-01 8.455819999999999607e-13 8.562579999999999851e-13 7.235160000000000011e-16 6.869860000000000551e-24 1.178706000000000022e-23 2.892260000000000104e-26
7.099999999999999645e-01 8.355240000000000454e-13 8.496059999999999646e-13 6.294079999999999715e-16 6.800839999999999589e-24 1.170214000000000050e-23 2.559820000000000120e-26
7.149999999999999689e-01 8.255820000000000460e-13 8.441219999999999851e-13 5.429679999999999908e-16 6.737219999999999898e-24 1.165937999999999999e-23 2.252359999999999895e-26
7.199999999999999734e-01 8.158019999999999604e-13 8.383120000000000331e-13 4.638500000000000332e-16 6.672880000000000429e-24 1.160304000000000050e-23 1.968579999999999870e-26
7.249999999999999778e-01 8.064699999999999957e-13 8.311900000000000156e-13 3.915479999999999876e-16 6.604900000000000125e-24 1.150253999999999996e-23 1.706875999999999968e-26
7.299999999999999822e-01 7.970280000000000446e-13 8.255739999999999717e-13 3.256920000000000077e-16 6.542920000000000172e-24 1.145754000000000064e-23 1.465949999999999902e-26
7.349999999999999867e-01 7.876719999999999581e-13 8.195639999999999801e-13 2.659820000000000196e-16 6.479619999999999892e-24 1.139771999999999928e-23 1.244555999999999937e-26
7.399999999999999911e-01 7.786099999999999509e-13 8.118839999999999563e-13 2.121579999999999954e-16 6.410559999999999923e-24 1.128012000000000035e-23 1.041700000000000012e-26
7.449999999999999956e-01 7.693639999999999517e-13 8.059100000000000466e-13 1.644084000000000103e-16 6.348040000000000136e-24 1.122876000000000006e-23 8.577299999999999557e-27
7.500000000000000000e-01 7.600660000000000250e-13 7.995400000000000444e-13 1.231888000000000051e-16 6.283679999999999694e-24 1.116450000000000007e-23 6.938579999999999860e-27
7.550000000000000044e-01 7.507600000000000241e-13 7.915299999999999604e-13 8.894299999999999889e-17 6.212459999999999657e-24 1.104341999999999928e-23 5.515879999999999750e-27
7.600000000000000089e-01 7.412579999999999703e-13 7.850319999999999814e-13 6.177399999999999809e-17 6.146940000000000063e-24 1.098733999999999995e-23 4.317939999999999691e-27
7.650000000000000133e-01 7.314819999999999723e-13 7.781079999999999597e-13 4.139219999999999766e-17 6.078580000000000367e-24 1.092078000000000043e-23 3.341559999999999773e-27
7.700000000000000178e-01 7.214220000000000132e-13 7.694040000000000202e-13 2.699199999999999935e-17 6.001620000000000144e-24 1.079413999999999939e-23 2.567459999999999924e-27
7.750000000000000222e-01 7.109740000000000359e-13 7.619700000000000339e-13 1.738962000000000130e-17 5.928620000000000167e-24 1.072712000000000026e-23 1.968473999999999917e-27
7.800000000000000266e-01 7.002520000000000135e-13 7.542040000000000445e-13 1.126155999999999972e-17 5.853179999999999719e-24 1.065347999999999999e-23 1.511807999999999986e-27
7.850000000000000311e-01 6.894319999999999647e-13 7.447860000000000134e-13 7.405880000000000532e-18 5.770380000000000321e-24 1.052063999999999989e-23 1.163033999999999966e-27
7.900000000000000355e-01 6.784999999999999867e-13 7.366159999999999583e-13 4.965099999999999873e-18 5.692580000000000358e-24 1.044262000000000024e-23 8.952260000000000165e-28
7.950000000000000400e-01 6.676299999999999532e-13 7.283680000000000121e-13 3.419460000000000061e-18 5.614739999999999917e-24 1.036317999999999981e-23 6.916859999999999732e-28
8.000000000000000444e-01 6.569680000000000336e-13 7.186480000000000292e-13 2.430619999999999859e-18 5.531559999999999656e-24 1.022675999999999959e-23 5.389819999999999856e-28
8.050000000000000488e-01 6.463520000000000110e-13 7.101120000000000341e-13 1.768386000000000060e-18 5.453719999999999950e-24 1.014057999999999952e-23 4.226359999999999802e-28
8.100000000000000533e-01 6.357859999999999730e-13 7.015219999999999667e-13 1.306288000000000017e-18 5.375959999999999730e-24 1.005482000000000006e-23 3.325599999999999986e-28
8.149999999999999467e-01 6.252959999999999844e-13 6.914059999999999924e-13 9.750099999999999449e-19 5.292059999999999692e-24 9.911599999999999487e-24 2.621959999999999881e-28
8.199999999999999512e-01 6.147179999999999864e-13 6.823000000000000310e-13 7.333960000000000109e-19 5.212299999999999844e-24 9.814200000000000681e-24 2.069819999999999803e-28
8.249999999999999556e-01 6.040799999999999867e-13 6.731119999999999898e-13 5.543120000000000246e-19 5.132039999999999906e-24 9.718079999999999521e-24 1.634021999999999960e-28
8.299999999999999600e-01 5.934160000000000233e-13 6.623719999999999770e-13 4.205439999999999903e-19 5.045160000000000299e-24 9.564479999999999956e-24 1.289834000000000100e-28
8.349999999999999645e-01 5.825819999999999707e-13 6.525380000000000211e-13 3.200119999999999983e-19 4.961620000000000150e-24 9.454019999999999552e-24 1.017797999999999947e-28
8.399999999999999689e-01 5.716200000000000422e-13 6.426219999999999854e-13 2.440220000000000082e-19 4.877360000000000223e-24 9.345939999999999638e-24 8.026080000000000503e-29
8.449999999999999734e-01 5.605779999999999768e-13 6.311639999999999953e-13 1.863450000000000088e-19 4.786260000000000205e-24 9.180800000000000454e-24 6.323260000000000086e-29
8.499999999999999778e-01 5.493279999999999995e-13 6.205600000000000336e-13 1.425864000000000056e-19 4.698159999999999996e-24 9.057619999999999573e-24 4.979800000000000129e-29
8.549999999999999822e-01 5.379300000000000111e-13 6.099080000000000301e-13 1.092034000000000105e-19 4.609379999999999751e-24 8.938420000000000645e-24 3.917739999999999955e-29
8.599999999999999867e-01 5.265140000000000323e-13 5.974239999999999795e-13 8.373640000000000188e-20 4.512699999999999988e-24 8.749219999999999344e-24 3.079940000000000227e-29
8.649999999999999911e-01 5.148179999999999779e-13 5.858580000000000468e-13 6.430060000000000483e-20 4.419059999999999776e-24 8.603839999999999443e-24 2.420040000000000035e-29
8.699999999999999956e-01 5.029520000000000363e-13 5.743480000000000282e-13 4.941499999999999860e-20 4.325119999999999656e-24 8.466099999999999631e-24 1.899846000000000101e-29
8.750000000000000000e-01 4.910700000000000472e-13 5.608520000000000219e-13 3.801079999999999980e-20 4.222579999999999744e-24 8.250240000000000444e-24 1.490364000000000005e-29
8.800000000000000044e-01 4.789359999999999900e-13 5.484839999999999881e-13 2.926619999999999931e-20 4.124080000000000299e-24 8.085839999999999808e-24 1.168276000000000010e-29
8.850000000000000089e-01 4.666759999999999999e-13 5.361940000000000476e-13 2.254380000000000116e-20 4.025520000000000137e-24 7.928759999999999848e-24 9.148500000000000020e-30
8.900000000000000133e-01 4.543479999999999841e-13 5.225360000000000264e-13 1.736796000000000039e-20 3.920839999999999662e-24 7.717680000000000409e-24 7.155440000000000300e-30
8.950000000000000178e-01 4.419199999999999991e-13 5.097299999999999899e-13 1.338272000000000049e-20 3.819560000000000095e-24 7.545639999999999684e-24 5.589759999999999786e-30
9.000000000000000222e-01 4.294239999999999886e-13 4.970000000000000027e-13 1.030476000000000023e-20 3.718399999999999757e-24 7.379140000000000431e-24 4.358699999999999766e-30
9.050000000000000266e-01 4.169379999999999951e-13 4.832959999999999836e-13 7.928059999999999898e-21 3.613120000000000202e-24 7.173280000000000114e-24 3.392599999999999655e-30
9.100000000000000311e-01 4.043819999999999828e-13 4.702379999999999800e-13 6.097239999999999656e-21 3.510440000000000089e-24 6.996059999999999275e-24 2.636620000000000041e-30
9.150000000000000355e-01 3.918219999999999838e-13 4.572700000000000296e-13 4.679700000000000143e-21 3.408160000000000342e-24 6.823160000000000040e-24 2.043339999999999956e-30
9.200000000000000400e-01 3.793339999999999970e-13 4.435099999999999954e-13 3.582219999999999746e-21 3.302760000000000089e-24 6.616559999999999707e-24 1.578462000000000108e-30
9.250000000000000444e-01 3.668339999999999998e-13 4.303560000000000092e-13 2.736560000000000089e-21 3.200019999999999995e-24 6.435159999999999669e-24 1.215979999999999933e-30
9.300000000000000488e-01 3.543940000000000043e-13 4.173619999999999941e-13 2.084639999999999981e-21 3.098199999999999860e-24 6.259179999999999672e-24 9.336000000000000736e-31
9.350000000000000533e-01 3.420819999999999857e-13 4.037100000000000034e-13 1.582710000000000037e-21 2.994019999999999843e-24 6.053239999999999869e-24 7.141360000000000066e-31
9.399999999999999467e-01 3.298200000000000022e-13 3.906679999999999970e-13 1.198322000000000031e-21 2.892739999999999909e-24 5.870880000000000128e-24 5.444579999999999966e-31
9.449999999999999512e-01 3.176739999999999851e-13 3.778460000000000139e-13 9.040780000000000583e-22 2.792860000000000156e-24 5.694900000000000131e-24 4.134700000000000126e-31
9.499999999999999556e-01 3.057100000000000171e-13 3.644860000000000082e-13 6.793159999999999728e-22 2.691339999999999929e-24 5.492299999999999786e-24 3.126440000000000028e-31
9.549999999999999600e-01 2.938539999999999917e-13 3.517420000000000172e-13 5.085979999999999864e-22 2.592900000000000097e-24 5.311999999999999653e-24 2.354539999999999893e-31
9.599999999999999645e-01 2.821620000000000249e-13 3.392760000000000076e-13 3.791299999999999775e-22 2.496299999999999820e-24 5.138939999999999978e-24 1.765040000000000050e-31
9.649999999999999689e-01 2.706980000000000043e-13 3.263779999999999751e-13 2.812560000000000103e-22 2.398679999999999857e-24 4.942319999999999745e-24 1.316524000000000087e-31
9.699999999999999734e-01 2.593900000000000186e-13 3.141039999999999811e-13 2.077420000000000051e-22 2.304359999999999977e-24 4.766920000000000058e-24 9.773420000000000274e-32
9.749999999999999778e-01 2.482919999999999885e-13 3.021499999999999798e-13 1.526329999999999985e-22 2.212200000000000165e-24 4.599460000000000367e-24 7.215640000000000320e-32
9.799999999999999822e-01 2.374539999999999998e-13 2.898639999999999754e-13 1.114929999999999997e-22 2.119539999999999895e-24 4.411340000000000202e-24 5.295919999999999875e-32
9.849999999999999867e-01 2.268119999999999882e-13 2.781980000000000228e-13 8.102540000000000183e-23 2.030340000000000147e-24 4.243379999999999685e-24 3.865859999999999757e-32
9.899999999999999911e-01 2.157140000000000086e-13 2.660340000000000153e-13 5.834620000000000066e-23 1.937325999999999913e-24 4.071020000000000284e-24 2.795819999999999865e-32
9.949999999999999956e-01 2.019520000000000062e-13 2.499620000000000208e-13 4.113339999999999943e-23 1.817671999999999827e-24 3.824639999999999750e-24 1.979467999999999906e-32
1.000000000000000000e+00 1.857113999999999987e-13 2.310960000000000081e-13 2.837100000000000251e-23 1.676931999999999840e-24 3.544980000000000193e-24 1.370747999999999922e-32
1.004999999999999893e+00 1.675758000000000027e-13 2.098259999999999886e-13 1.910936000000000107e-23 1.518875999999999950e-24 3.231120000000000182e-24 9.267819999999999532e-33
1.010000000000000009e+00 1.481833999999999995e-13 1.862118000000000003e-13 1.253497999999999935e-23 1.346052000000000006e-24 2.865480000000000005e-24 6.102720000000000098e-33
1.014999999999999902e+00 1.280695999999999999e-13 1.617840000000000051e-13 8.001619999999999624e-24 1.167096000000000082e-24 2.493539999999999938e-24 3.909720000000000166e-33
1.020000000000000018e+00 1.078925999999999941e-13 1.371968000000000067e-13 4.955819999999999982e-24 9.872060000000000683e-25 2.122240000000000163e-24 2.429960000000000099e-33
1.024999999999999911e+00 8.829559999999999689e-14 1.127016000000000042e-13 2.965080000000000090e-24 8.097859999999999645e-25 1.741038000000000042e-24 1.458925999999999917e-33
1.030000000000000027e+00 6.977700000000000399e-14 8.955880000000000053e-14 1.706059999999999927e-24 6.421459999999999616e-25 1.384896000000000017e-24 8.422000000000000426e-34
1.034999999999999920e+00 5.285639999999999958e-14 6.829739999999999785e-14 9.373399999999999358e-25 4.884559999999999651e-25 1.058886000000000086e-24 4.641420000000000395e-34
1.040000000000000036e+00 3.795339999999999861e-14 4.932100000000000133e-14 4.855619999999999899e-25 3.519820000000000099e-25 7.651779999999999769e-25 2.411900000000000172e-34
1.044999999999999929e+00 2.536439999999999856e-14 3.316859999999999864e-14 2.332940000000000117e-25 2.361539999999999852e-25 5.151859999999999721e-25 1.162168000000000106e-34
1.050000000000000044e+00 1.528898000000000098e-14 2.014080000000000100e-14 1.007217999999999976e-25 1.430046000000000073e-25 3.136620000000000174e-25 5.030899999999999707e-35
1.054999999999999938e+00 7.813719999999999496e-15 1.035912000000000019e-14 3.668800000000000082e-26 7.337859999999999501e-26 1.614527999999999914e-25 1.837550000000000085e-35
1.060000000000000053e+00 2.903300000000000062e-15 3.876359999999999745e-15 9.687900000000000362e-27 2.738659999999999804e-26 6.049799999999999539e-26 4.863959999999999998e-36
1.064999999999999947e+00 4.204100000000000117e-16 5.658659999999999933e-16 9.933619999999999612e-28 3.985959999999999883e-27 8.855319999999999744e-27 4.998439999999999957e-37
1.070000000000000062e+00 0.000000000000000000e+00 0.000000000000000000e+00 0.000000000000000000e+00 0.000000000000000000e+00 0.000000000000000000e+00 0.000000000000000000e+00
